-3.0    -544808.3999999998    -3.0471507747023945
-2.99    -528567.4351899078    -3.0404734720780877
-2.98    -512757.9243512642    -3.033794666264991
-2.97    -497369.81305712066    -3.02711425723398
-2.96    -482393.2482128159    -3.0204321447885585
-2.95    -467818.5746880903    -3.013748228554248
-2.94    -453636.33199436794    -3.0070624079679322
-2.93    -439837.2510067761    -3.000374582267148
-2.92    -426412.25073042564    -2.993684650479332
-2.91    -413352.435110526    -2.9869925114110063
-2.9    -400649.089885866    -2.9802980636369094
-2.89    -388293.67948523693    -2.9736012054890675
-2.88    -376277.84396634065    -2.9669018350458014
-2.87    -364593.3959967595    -2.9601998501206674
-2.86    -353232.317876541    -2.953495148251327
-2.85    -342186.75860197766    -2.94678762668835
-2.84    -331449.03097014216    -2.940077182383935
-2.83    -321011.60872376425    -2.933363711980557
-2.82    -310867.1237360136    -2.926647111799531
-2.81    -301008.36323478405    -2.91992727782949
-2.8    -291428.26706604665    -2.913204105714778
-2.79    -282119.9249958742    -2.906477490743749
-2.78    -273076.5740507107    -2.8997473278369728
-2.77    -264291.59589549294    -2.893013511535342
-2.76    -255758.5142492049    -2.886275935988079
-2.75    -247470.9923374774    -2.8795344949406383
-2.74    -239422.83038181943    -2.8727890817224973
-2.73    -231607.96312509727    -2.8660395892348407
-2.72    -224020.45739286247    -2.8592859099381256
-2.71    -216654.50969013397    -2.852527935839528
-2.7    -209504.44383325824    -2.8457655584802697
-2.69    -202564.70861644883    -2.8389986689228137
-2.68    -195829.875512636    -2.832227157737933
-2.67    -189294.63640823643    -2.8254509149916456
-2.66    -182953.80137147574    -2.818669830232008
-2.65    -176802.29645388233    -2.811883792475768
-2.64    -170835.1615245887    -2.8050926901948747
-2.63    -165047.5481370657    -2.7982964113028306
-2.62    -159434.71742793094    -2.791494843140898
-2.61    -153992.03804746165    -2.7846878724641377
-2.6    -148714.98412146035    -2.7778753854272904
-2.59    -143599.13324410695    -2.7710572675704874
-2.58    -138640.16450145328    -2.7642334038047895
-2.57    -133833.8565251974    -2.75740367839755
-2.56    -129176.08557639932    -2.750567974957592
-2.55    -124662.82365878281    -2.743726176420204
-2.54    -120290.13666128696    -2.73687816503194
-2.53    -116054.1825295206    -2.7300238223352244
-2.52    -111951.20946578644    -2.7231630291527575
-2.51    -107977.55415733463    -2.7162956655717063
-2.5    -104129.64003251761    -2.7094216109276945
-2.49    -100403.97554451067    -2.702540743788564
-2.48    -96797.15248227495    -2.695652941937917
-2.47    -93305.84430843583    -2.6887580823584343
-2.46    -89926.80452375264    -2.681856041214948
-2.45    -86656.86505786383    -2.674946693837284
-2.44    -83492.934685985    -2.668029914702849
-2.43    -80431.99747125027    -2.661105577418972
-2.42    -77471.11123237982    -2.6541735547049803
-2.41    -74607.40603636813    -2.6472337183740158
-2.4    -71838.08271588203    -2.640285939314571
-2.39    -69160.41141106724    -2.633330087471755
-2.38    -66571.7301354581    -2.626366031828266
-2.37    -64069.44336569355    -2.6193936403850744
-2.36    -61651.020654739914    -2.6124127801418062
-2.35    -59313.99526832794    -2.605423317076818
-2.34    -57055.96284430938    -2.5984251161269536
-2.33    -54874.58007464651    -2.591418041166984
-2.32    -52767.56340974341    -2.5844019549887123
-2.31    -50732.687784838134    -2.5773767192797408
-2.3    -48767.78536816986    -2.5703421946018903
-2.29    -46870.74433064381    -2.563298240369267
-2.28    -45039.50763671364    -2.55624471482596
-2.27    -43272.07185620889    -2.5491814750233726
-2.26    -41566.485996831776    -2.5421083767971635
-2.25    -39920.85035705566    -2.5350252747438042
-2.24    -38333.31539915442    -2.527932022196731
-2.23    -36802.08064209922    -2.520828471202086
-2.22    -35325.39357405813    -2.5137144724940423
-2.21    -33901.548584237185    -2.506589875469693
-2.2    -32528.885913805538    -2.499454528163501
-2.19    -31205.79062564659    -2.492308277221297
-2.18    -29930.691592682673    -2.4851509678738166
-2.17    -28702.060504519664    -2.477982443909758
-2.16    -27518.410892163818    -2.4708025476483595
-2.15    -26378.29717056186    -2.4636111199114734
-2.14    -25280.313698720787    -2.456407999995139
-2.13    -24223.09385716327    -2.4491930256406227
-2.12    -23205.309142479466    -2.441966033004933
-2.11    -22225.668278735648    -2.43472685663078
-2.1    -21282.9163455048    -2.4274753294159797
-2.09    -20375.833922284226    -2.4202112825822777
-2.08    -19503.236249069527    -2.412934545643591
-2.07    -18663.972402854433    -2.4056449463736365
-2.06    -17856.924489830373    -2.398342310772951
-2.05    -17081.006853059363    -2.391026463035272
-2.04    -16335.165295398587    -2.3836972255132713
-2.03    -15618.376317454558    -2.3763544186836216
-2.02    -14929.646370349437    -2.368997861111387
-2.01    -14268.011123081722    -2.361627369413709
-2.0    -13632.534744268074    -2.3542427582227807
-1.99    -13022.309198052857    -2.3468438401480887
-1.98    -12436.453553976073    -2.3394304257379006
-1.97    -11874.11331059093    -2.3320023234399865
-1.96    -11334.45973262523    -2.324559339561548
-1.95    -10816.689201482586    -2.317101278228344
-1.94    -10320.022578881424    -2.309627941342981
-1.93    -9843.704583431912    -2.302139128542361
-1.92    -9387.003179952977    -2.2946346371542554
-1.91    -8949.208981333455    -2.287114262152988
-1.9    -8529.634662743687    -2.279577796114204
-1.89    -8127.614388005595    -2.2720250291687027
-1.88    -7742.503247931474    -2.2644557489553074
-1.87    -7373.676710443624    -2.256869740572754
-1.86    -7020.530082288891    -2.2492667865305673
-1.85    -6682.477982164336    -2.2416466666989066
-1.84    -6358.953825071821    -2.234009158257346
-1.83    -6049.409317721701    -2.226354035642573
-1.82    -5753.313964807399    -2.2186810704949673
-1.81    -5470.154585974707    -2.2109900316040427
-1.8    -5199.434843311543    -2.20328068485271
-1.79    -4940.674779185779    -2.1955527931603482
-1.78    -4693.410364260665    -2.187806116424638
-1.77    -4457.193055519222    -2.180040411462134
-1.76    -4231.589364130877    -2.1722554319475447
-1.75    -4016.1804329954534    -2.1644509283516835
-1.74    -3810.5616238014654    -2.156626647878062
-1.73    -3614.342113437543    -2.1487823343980845
-1.72    -3427.1444995975826    -2.1409177283848146
-1.71    -3248.6044154220926    -2.1330325668452748
-1.7    -3078.370153019961    -2.125126583251245
-1.69    -2916.1022957166942    -2.117199507468513
-1.68    -2761.4733588769614    -2.109251065684552
-1.67    -2614.167439151035    -2.1012809803345736
-1.66    -2473.8798719964975    -2.0932889700259163
-1.65    -2340.3168973283405    -2.085274749460738
-1.64    -2213.195333152301    -2.077238029356955
-1.63    -2092.2422570380554    -2.0691785163673937
-1.62    -1977.1946952905678    -2.0610959129971054
-1.61    -1867.7993196796187    -2.0529899175188007
-1.6    -1763.8121515892942    -2.0448602238863516
-1.59    -1664.998273450783    -2.036706521646321
-1.58    -1571.131547323647    -2.0285284958474574
-1.57    -1481.994340492319    -2.0203258269481226
-1.56    -1397.3772579462534    -2.012098190721577
-1.55    -1317.0788816138358    -2.0038452581590964
-1.54    -1240.9055162217564    -1.9955666953708384
-1.53    -1168.670941653217    -1.98726216348443
-1.52    -1100.1961716799328    -1.978931318541197
-1.51    -1035.3092189445183    -1.970573811389995
-1.5    -973.8448660714282    -1.9621892875785714
-1.49    -915.6444427862292    -1.953777387242407
-1.48    -860.5556089245393    -1.9453377449909697
-1.47    -808.4321432135494    -1.936869989791325
-1.46    -759.1337377105924    -1.9283737448490328
-1.45    -712.5257977847755    -1.9198486274862723
-1.44    -668.4792475292224    -1.9112942490171274
-1.43    -626.8703404930038    -1.9027102146199666
-1.42    -587.5804756233391    -1.8940961232068496
-1.41    -550.4960183101729    -1.8854515672898955
-1.4    -515.5081264267058    -1.8767761328445396
-1.39    -482.51258126095735    -1.8680693991696133
-1.38    -451.4096232349062    -1.8593309387441745
-1.37    -422.10379230921524    -1.8505603170810185
-1.36    -394.5037729729997    -1.841757092576797
-1.35    -368.5222437195557    -1.8329208163586792
-1.34    -344.0757309103671    -1.824051032127474
-1.33    -321.0844669311614    -1.8151472759971508
-1.32    -299.47225254517866    -1.8062090763306806
-1.31    -279.1663233502244    -1.7972359535721314
-1.3    -260.0972202474653    -1.7882274200749446
-1.29    -242.19866383131023    -1.7791829799263206
-1.28    -225.40743261108452    -1.7701021287676513
-1.27    -209.66324497656788    -1.7609843536109244
-1.26    -194.90864482081506    -1.7518291326510418
-1.25    -181.08889073501393    -1.7426359350739806
-1.24    -168.1518486914693    -1.733404220860742
-1.23    -156.04788813211258    -1.7241334405870272
-1.22    -144.72978138124984    -1.7148230352185847
-1.21    -134.15260630255452    -1.7054724359021816
-1.2    -124.27365212159995    -1.6960810637521493
-1.19    -115.05232833650182    -1.6866483296324637
-1.18    -106.45007664050749    -1.6771736339343255
-1.17    -98.43028578162394    -1.6676563663492114
-1.16    -90.95820928562213    -1.6580959056373772
-1.15    -84.0008859699895    -1.6484916193917956
-1.14    -77.5270631776281    -1.6388428637975319
-1.13    -71.50712266030787    -1.6291489833865624
-1.12    -65.91300904309063    -1.6194093107880558
-1.11    -60.71816080213127    -1.609623166474148
-1.1    -55.897443689449055    -1.5997898585012644
-1.09    -51.42708653942907    -1.5899086822470472
-1.08    -47.28461939298225    -1.5799789201429728
-1.07    -43.4488138764394    -1.5699998414027636
-1.06    -39.89962577339877    -1.5599707017467128
-1.05    -36.618139728876564    -1.5498907431220783
-1.04    -33.586516026231    -1.5397591934197155
-1.03    -30.787939378440548    -1.5295752661871558
-1.02    -28.20656967641713    -1.5193381603383733
-1.01    -25.827494638124463    -1.5090470598605057
-1.0    -23.63668430335096    -1.4987011335178484
-0.99    -21.620947320055365    -1.4882995345534773
-0.98    -19.76788896926185    -1.4778414003889009
-0.97    -18.065870876529146    -1.4673258523222006
-0.96    -16.50397235905614    -1.4567519952251695
-0.95    -15.071953358513529    -1.446118917240023
-0.94    -13.760218910708168    -1.4354256894763269
-0.93    -12.55978510419309    -1.424671365708853
-0.92    -11.462246480932567    -1.4138549820771644
-0.91    -10.45974483311729    -1.402975556787815
-0.9    -9.5449393512    -1.3920320898201382
-0.89    -8.710978079187178    -1.3810235626367195
-0.88    -7.9514706341769195    -1.369948937899747
-0.87    -7.260462148077405    -1.3588071591945659
-0.86    -6.632408390374328    -1.3475971507618945
-0.85    -6.062152031739136    -1.3363178172403098
-0.84    -5.544900009183094    -1.324968043420767
-0.83    -5.07620195436496    -1.313546694015085
-0.82    -4.651929647552457    -1.3020526134405326
-0.81    -4.2682574606197505    -1.2904846256228368
-0.8    -3.921643753334745    -1.27884153382016
-0.79    -3.6088131880513874    -1.2671221204708367
-0.78    -3.326739928772877    -1.2553251470679079
-0.77    -3.0726316913923872    -1.243449354063773
-0.76    -2.8439146127478905    -1.2314934608085804
-0.75    -2.638218906947544    -1.2194561655262952
-0.74    -2.453365278231391    -1.2073361453327318
-0.73    -2.287352060434203    -1.1951320563002121
-0.72    -2.1383430539028834    -1.1828425335739086
-0.71    -2.004656031500117    -1.17046619154536
-0.7    -1.8847518860938266    -1.1580016240891065
-0.69    -1.7772243926894873    -1.1454474048688783
-0.68    -1.680790559109493    -1.1328020877202971
-0.67    -1.5942815398604822    -1.1200642071175961
-0.66    -1.5166340885559455    -1.107232278732464
-0.65    -1.4468825249773782    -1.0943048000937303
-0.64    -1.3841511935628965    -1.0812802513572697
-0.63    -1.3276473908074586    -1.068157096196193
-0.62    -1.276654739743698    -1.0549337828221197
-0.61    -1.230526990346858    -1.041608745149065
-0.6    -1.1886822253714282    -1.0281804041122844
-0.59    -1.150597451780824    -1.0146471691551977
-0.58    -1.1158035585747856    -1.0010074398983635
-0.57    -1.083880622452178    -0.9872596080053129
-0.56    -1.0544535433694517    -0.9734020592609021
-0.55    -1.0271879926672647    -0.9594331758786978
-0.54    -1.0017866570396121    -0.9453513390547489
-0.53    -0.9779857622112754    -0.9311549317859069
-0.52    -0.9555518607705067    -0.9168423419716367
-0.51    -0.9342788691745785    -0.9024119658189677
-0.5    -0.9139853395061729    -0.8878622115708661
-0.49    -0.8945119521085443    -0.8731915035788329
-0.48    -0.8757192157669883    -0.8583982867409152
-0.47    -0.857485362633352    -0.8434810313265327
-0.46    -0.8397044256091587    -0.8284382382095266
-0.45    -0.8222844864113839    -0.8132684445305848
-0.44    -0.8051460830429924    -0.7979702298096539
-0.43    -0.7882207658780577    -0.7825422225280327
-0.42    -0.7714497920486117    -0.7669831071985348
-0.41    -0.754782948287324    -0.7512916319403056
-0.4    -0.7381774928366843    -0.7354666165725452
-0.39    -0.7215972074815612    -0.7195069612384315
-0.38    -0.705011551197832    -0.7034116555669019
-0.37    -0.6883949073352226    -0.6871797883755396
-0.36    -0.6717259166675631    -0.6708105579125749
-0.35    -0.6549868890483602    -0.6543032826298552
-0.34    -0.6381632868038983    -0.6376574124715185
-0.33    -0.6212432733800206    -0.620872540654952
-0.32    -0.6042173211323055    -0.6039484159114029
-0.31    -0.5870778725125319    -0.5868849551432977
-0.3    -0.5698190492571429    -0.5696822564439448
-0.29    -0.5524364045258399    -0.552340612412845
-0.28    -0.5349267132705041    -0.534860523686431
-0.27    -0.5172877964363093    -0.5172427125897652
-0.26    -0.49951837490819845    -0.49948813679976606
-0.25    -0.48161794941681824    -0.48159800289508226
-0.24    -0.46358670290855436    -0.46357377965211044
-0.23    -0.4454254221644795    -0.4454172109311894
-0.22    -0.42713543572282314    -0.4271303279821218
-0.21    -0.408718565418987    -0.40871546098435957
-0.2    -0.3901770891061729    -0.39017524962497735
-0.19    -0.3715137123583536    -0.37151265250754384
-0.18    -0.3527315471856039    -0.3527309551778145
-0.17    -0.33383409600971964    -0.3338337765484468
-0.16    -0.31482523935558954    -0.31482507350533234
-0.15    -0.2957092259109375    -0.2957091434832352
-0.14    -0.27649066379383785    -0.27649062480876135
-0.13    -0.2571745120438061    -0.2571744946246815
-0.12    -0.23776607151829998    -0.23776606423156693
-0.11    -0.21827097453211003    -0.2182709717106725
-0.1    -0.1986951727223986    -0.19869517172589946
-0.09    -0.17904492275703915    -0.17904492244213566
-0.08    -0.15932676962843084    -0.15932676954168817
-0.07    -0.139547527389105    -0.13954752736902573
-0.06    -0.11971425728920905    -0.11971425728550693
-0.05    -0.0998342433693425    -0.09983424336884215
-0.04    -0.07991496564523376    -0.07991496564519064
-0.03    -0.059964071093383406    -0.05996407109338159
-0.02    -0.03998934270905947    -0.03998934270905945
-0.01    -0.01999866695991444    -0.01999866695991444
0.0    0.0    0.0
0.01    0.01999866695991444    0.01999866695991444
0.02    0.03998934270905947    0.03998934270905945
0.03    0.059964071093383406    0.05996407109338159
0.04    0.07991496564523376    0.07991496564519064
0.05    0.0998342433693425    0.09983424336884215
0.06    0.11971425728920905    0.11971425728550693
0.07    0.139547527389105    0.13954752736902573
0.08    0.15932676962843084    0.15932676954168817
0.09    0.17904492275703915    0.17904492244213566
0.1    0.1986951727223986    0.19869517172589946
0.11    0.21827097453211003    0.2182709717106725
0.12    0.23776607151829998    0.23776606423156693
0.13    0.2571745120438061    0.2571744946246815
0.14    0.27649066379383785    0.27649062480876135
0.15    0.2957092259109375    0.2957091434832352
0.16    0.31482523935558954    0.31482507350533234
0.17    0.33383409600971964    0.3338337765484468
0.18    0.3527315471856039    0.3527309551778145
0.19    0.3715137123583536    0.37151265250754384
0.2    0.3901770891061729    0.39017524962497735
0.21    0.408718565418987    0.40871546098435957
0.22    0.42713543572282314    0.4271303279821218
0.23    0.4454254221644795    0.4454172109311894
0.24    0.46358670290855436    0.46357377965211044
0.25    0.48161794941681824    0.48159800289508226
0.26    0.49951837490819845    0.49948813679976606
0.27    0.5172877964363093    0.5172427125897652
0.28    0.5349267132705041    0.534860523686431
0.29    0.5524364045258399    0.552340612412845
0.3    0.5698190492571429    0.5696822564439448
0.31    0.5870778725125319    0.5868849551432977
0.32    0.6042173211323055    0.6039484159114029
0.33    0.6212432733800206    0.620872540654952
0.34    0.6381632868038983    0.6376574124715185
0.35    0.6549868890483602    0.6543032826298552
0.36    0.6717259166675631    0.6708105579125749
0.37    0.6883949073352226    0.6871797883755396
0.38    0.705011551197832    0.7034116555669019
0.39    0.7215972074815612    0.7195069612384315
0.4    0.7381774928366843    0.7354666165725452
0.41    0.754782948287324    0.7512916319403056
0.42    0.7714497920486117    0.7669831071985348
0.43    0.7882207658780577    0.7825422225280327
0.44    0.8051460830429924    0.7979702298096539
0.45    0.8222844864113839    0.8132684445305848
0.46    0.8397044256091587    0.8284382382095266
0.47    0.857485362633352    0.8434810313265327
0.48    0.8757192157669883    0.8583982867409152
0.49    0.8945119521085443    0.8731915035788329
0.5    0.9139853395061729    0.8878622115708661
0.51    0.9342788691745785    0.9024119658189677
0.52    0.9555518607705067    0.9168423419716367
0.53    0.9779857622112754    0.9311549317859069
0.54    1.0017866570396121    0.9453513390547489
0.55    1.0271879926672647    0.9594331758786978
0.56    1.0544535433694517    0.9734020592609021
0.57    1.083880622452178    0.9872596080053129
0.58    1.1158035585747856    1.0010074398983635
0.59    1.150597451780824    1.0146471691551977
0.6    1.1886822253714282    1.0281804041122844
0.61    1.230526990346858    1.041608745149065
0.62    1.276654739743698    1.0549337828221197
0.63    1.3276473908074586    1.068157096196193
0.64    1.3841511935628965    1.0812802513572697
0.65    1.4468825249773782    1.0943048000937303
0.66    1.5166340885559455    1.107232278732464
0.67    1.5942815398604822    1.1200642071175961
0.68    1.680790559109493    1.1328020877202971
0.69    1.7772243926894873    1.1454474048688783
0.7    1.8847518860938266    1.1580016240891065
0.71    2.004656031500117    1.17046619154536
0.72    2.1383430539028834    1.1828425335739086
0.73    2.287352060434203    1.1951320563002121
0.74    2.453365278231391    1.2073361453327318
0.75    2.638218906947544    1.2194561655262952
0.76    2.8439146127478905    1.2314934608085804
0.77    3.0726316913923872    1.243449354063773
0.78    3.326739928772877    1.2553251470679079
0.79    3.6088131880513874    1.2671221204708367
0.8    3.921643753334745    1.27884153382016
0.81    4.2682574606197505    1.2904846256228368
0.82    4.651929647552457    1.3020526134405326
0.83    5.07620195436496    1.313546694015085
0.84    5.544900009183094    1.324968043420767
0.85    6.062152031739136    1.3363178172403098
0.86    6.632408390374328    1.3475971507618945
0.87    7.260462148077405    1.3588071591945659
0.88    7.9514706341769195    1.369948937899747
0.89    8.710978079187178    1.3810235626367195
0.9    9.5449393512    1.3920320898201382
0.91    10.45974483311729    1.402975556787815
0.92    11.462246480932567    1.4138549820771644
0.93    12.55978510419309    1.424671365708853
0.94    13.760218910708168    1.4354256894763269
0.95    15.071953358513529    1.446118917240023
0.96    16.50397235905614    1.4567519952251695
0.97    18.065870876529146    1.4673258523222006
0.98    19.76788896926185    1.4778414003889009
0.99    21.620947320055365    1.4882995345534773
1.0    23.63668430335096    1.4987011335178484
1.01    25.827494638124463    1.5090470598605057
1.02    28.20656967641713    1.5193381603383733
1.03    30.787939378440548    1.5295752661871558
1.04    33.586516026231    1.5397591934197155
1.05    36.618139728876564    1.5498907431220783
1.06    39.89962577339877    1.5599707017467128
1.07    43.4488138764394    1.5699998414027636
1.08    47.28461939298225    1.5799789201429728
1.09    51.42708653942907    1.5899086822470472
1.1    55.897443689449055    1.5997898585012644
1.11    60.71816080213127    1.609623166474148
1.12    65.91300904309063    1.6194093107880558
1.13    71.50712266030787    1.6291489833865624
1.14    77.5270631776281    1.6388428637975319
1.15    84.0008859699895    1.6484916193917956
1.16    90.95820928562213    1.6580959056373772
1.17    98.43028578162394    1.6676563663492114
1.18    106.45007664050749    1.6771736339343255
1.19    115.05232833650182    1.6866483296324637
1.2    124.27365212159995    1.6960810637521493
1.21    134.15260630255452    1.7054724359021816
1.22    144.72978138124984    1.7148230352185847
1.23    156.04788813211258    1.7241334405870272
1.24    168.1518486914693    1.733404220860742
1.25    181.08889073501393    1.7426359350739806
1.26    194.90864482081506    1.7518291326510418
1.27    209.66324497656788    1.7609843536109244
1.28    225.40743261108452    1.7701021287676513
1.29    242.19866383131023    1.7791829799263206
1.3    260.0972202474653    1.7882274200749446
1.31    279.1663233502244    1.7972359535721314
1.32    299.47225254517866    1.8062090763306806
1.33    321.0844669311614    1.8151472759971508
1.34    344.0757309103671    1.824051032127474
1.35    368.5222437195557    1.8329208163586792
1.36    394.5037729729997    1.841757092576797
1.37    422.10379230921524    1.8505603170810185
1.38    451.4096232349062    1.8593309387441745
1.39    482.51258126095735    1.8680693991696133
1.4    515.5081264267058    1.8767761328445396
1.41    550.4960183101729    1.8854515672898955
1.42    587.5804756233391    1.8940961232068496
1.43    626.8703404930038    1.9027102146199666
1.44    668.4792475292224    1.9112942490171274
1.45    712.5257977847755    1.9198486274862723
1.46    759.1337377105924    1.9283737448490328
1.47    808.4321432135494    1.936869989791325
1.48    860.5556089245393    1.9453377449909697
1.49    915.6444427862292    1.953777387242407
1.5    973.8448660714282    1.9621892875785714
1.51    1035.3092189445183    1.970573811389995
1.52    1100.1961716799328    1.978931318541197
1.53    1168.670941653217    1.98726216348443
1.54    1240.9055162217564    1.9955666953708384
1.55    1317.0788816138358    2.0038452581590964
1.56    1397.3772579462534    2.012098190721577
1.57    1481.994340492319    2.0203258269481226
1.58    1571.131547323647    2.0285284958474574
1.59    1664.998273450783    2.036706521646321
1.6    1763.8121515892942    2.0448602238863516
1.61    1867.7993196796187    2.0529899175188007
1.62    1977.1946952905678    2.0610959129971054
1.63    2092.2422570380554    2.0691785163673937
1.64    2213.195333152301    2.077238029356955
1.65    2340.3168973283405    2.085274749460738
1.66    2473.8798719964975    2.0932889700259163
1.67    2614.167439151035    2.1012809803345736
1.68    2761.4733588769614    2.109251065684552
1.69    2916.1022957166942    2.117199507468513
1.7    3078.370153019961    2.125126583251245
1.71    3248.6044154220926    2.1330325668452748
1.72    3427.1444995975826    2.1409177283848146
1.73    3614.342113437543    2.1487823343980845
1.74    3810.5616238014654    2.156626647878062
1.75    4016.1804329954534    2.1644509283516835
1.76    4231.589364130877    2.1722554319475447
1.77    4457.193055519222    2.180040411462134
1.78    4693.410364260665    2.187806116424638
1.79    4940.674779185779    2.1955527931603482
1.8    5199.434843311543    2.20328068485271
1.81    5470.154585974707    2.2109900316040427
1.82    5753.313964807399    2.2186810704949673
1.83    6049.409317721701    2.226354035642573
1.84    6358.953825071821    2.234009158257346
1.85    6682.477982164336    2.2416466666989066
1.86    7020.530082288891    2.2492667865305673
1.87    7373.676710443624    2.256869740572754
1.88    7742.503247931474    2.2644557489553074
1.89    8127.614388005595    2.2720250291687027
1.9    8529.634662743687    2.279577796114204
1.91    8949.208981333455    2.287114262152988
1.92    9387.003179952977    2.2946346371542554
1.93    9843.704583431912    2.302139128542361
1.94    10320.022578881424    2.309627941342981
1.95    10816.689201482586    2.317101278228344
1.96    11334.45973262523    2.324559339561548
1.97    11874.11331059093    2.3320023234399865
1.98    12436.453553976073    2.3394304257379006
1.99    13022.309198052857    2.3468438401480887
2.0    13632.534744268074    2.3542427582227807
2.01    14268.011123081722    2.361627369413709
2.02    14929.646370349437    2.368997861111387
2.03    15618.376317454558    2.3763544186836216
2.04    16335.165295398587    2.3836972255132713
2.05    17081.006853059363    2.391026463035272
2.06    17856.924489830373    2.398342310772951
2.07    18663.972402854433    2.4056449463736365
2.08    19503.236249069527    2.412934545643591
2.09    20375.833922284226    2.4202112825822777
2.1    21282.9163455048    2.4274753294159797
2.11    22225.668278735648    2.43472685663078
2.12    23205.309142479466    2.441966033004933
2.13    24223.09385716327    2.4491930256406227
2.14    25280.313698720787    2.456407999995139
2.15    26378.29717056186    2.4636111199114734
2.16    27518.410892163818    2.4708025476483595
2.17    28702.060504519664    2.477982443909758
2.18    29930.691592682673    2.4851509678738166
2.19    31205.79062564659    2.492308277221297
2.2    32528.885913805538    2.499454528163501
2.21    33901.548584237185    2.506589875469693
2.22    35325.39357405813    2.5137144724940423
2.23    36802.08064209922    2.520828471202086
2.24    38333.31539915442    2.527932022196731
2.25    39920.85035705566    2.5350252747438042
2.26    41566.485996831776    2.5421083767971635
2.27    43272.07185620889    2.5491814750233726
2.28    45039.50763671364    2.55624471482596
2.29    46870.74433064381    2.563298240369267
2.3    48767.78536816986    2.5703421946018903
2.31    50732.687784838134    2.5773767192797408
2.32    52767.56340974341    2.5844019549887123
2.33    54874.58007464651    2.591418041166984
2.34    57055.96284430938    2.5984251161269536
2.35    59313.99526832794    2.605423317076818
2.36    61651.020654739914    2.6124127801418062
2.37    64069.44336569355    2.6193936403850744
2.38    66571.7301354581    2.626366031828266
2.39    69160.41141106724    2.633330087471755
2.4    71838.08271588203    2.640285939314571
2.41    74607.40603636813    2.6472337183740158
2.42    77471.11123237982    2.6541735547049803
2.43    80431.99747125027    2.661105577418972
2.44    83492.934685985    2.668029914702849
2.45    86656.86505786383    2.674946693837284
2.46    89926.80452375264    2.681856041214948
2.47    93305.84430843583    2.6887580823584343
2.48    96797.15248227495    2.695652941937917
2.49    100403.97554451067    2.702540743788564
2.5    104129.64003251761    2.7094216109276945
2.51    107977.55415733463    2.7162956655717063
2.52    111951.20946578644    2.7231630291527575
2.53    116054.1825295206    2.7300238223352244
2.54    120290.13666128696    2.73687816503194
2.55    124662.82365878281    2.743726176420204
2.56    129176.08557639932    2.750567974957592
2.57    133833.8565251974    2.75740367839755
2.58    138640.16450145328    2.7642334038047895
2.59    143599.13324410695    2.7710572675704874
2.6    148714.98412146035    2.7778753854272904
2.61    153992.03804746165    2.7846878724641377
2.62    159434.71742793094    2.791494843140898
2.63    165047.5481370657    2.7982964113028306
2.64    170835.1615245887    2.8050926901948747
2.65    176802.29645388233    2.811883792475768
2.66    182953.80137147574    2.818669830232008
2.67    189294.63640823643    2.8254509149916456
2.68    195829.875512636    2.832227157737933
2.69    202564.70861644883    2.8389986689228137
2.7    209504.44383325824    2.8457655584802697
2.71    216654.50969013397    2.852527935839528
2.72    224020.45739286247    2.8592859099381256
2.73    231607.96312509727    2.8660395892348407
2.74    239422.83038181943    2.8727890817224973
2.75    247470.9923374774    2.8795344949406383
2.76    255758.5142492049    2.886275935988079
2.77    264291.59589549294    2.893013511535342
2.78    273076.5740507107    2.8997473278369728
2.79    282119.9249958742    2.906477490743749
2.8    291428.26706604665    2.913204105714778
2.81    301008.36323478405    2.91992727782949
2.82    310867.1237360136    2.926647111799531
2.83    321011.60872376425    2.933363711980557
2.84    331449.03097014216    2.940077182383935
2.85    342186.75860197766    2.94678762668835
2.86    353232.317876541    2.953495148251327
2.87    364593.3959967595    2.9601998501206674
2.88    376277.84396634065    2.9669018350458014
2.89    388293.67948523693    2.9736012054890675
2.9    400649.089885866    2.9802980636369094
2.91    413352.435110526    2.9869925114110063
2.92    426412.25073042564    2.993684650479332
2.93    439837.2510067761    3.000374582267148
2.94    453636.33199436794    3.0070624079679322
2.95    467818.5746880903    3.013748228554248
2.96    482393.2482128159    3.0204321447885585
2.97    497369.81305712066    3.02711425723398
2.98    512757.9243512642    3.033794666264991
2.99    528567.4351899078    3.0404734720780877
